5
4 3
10 34 37 =A1+B1+C1
40 17 34 =A2+B2+C2
=A1+A2 =B1+B2 =C1+C2 =D1+D2
30 2
1 2 3 4 5 6 7 8 9 10 11 12 13 14 15 16 17 18 19 20 21 22 23 24 25 26 27 28 29 =AA2
=AA1+B2+AC2 200 300 400 500 600 700 800 900 1000 1100 1200 1300 1400 1500 1600 1700 1800 1900 2000 2100 2200 2300 2400 2500 2600 2700 2800 2900 3000
4 3
10 34 37 =A1+B1+C1
40 17 34 =A2+B2+C2
=A1+A2 =B1+B2 =C1+C2 =D1+D2
4 3
10 34 37 =A1+B1+C1
40 17 34 =A2+B2+C2
=A1+A2 =B1+B2 =C1+C2 =A1
5 5
5 7 11 22 -1
=B1+B2+B3 0 5 16 -2
8 =C1+D2+E5 14 13 =A5+E1
5 10 20 100 -10
=D3+C4 15 13 =C1 200 